2.496076e+001	2.496076e+001	2.496076e+001	
2.767009e+001	2.767009e+001	2.767009e+001	
3.161684e+001	3.161684e+001	3.161684e+001	
3.706760e+001	3.706760e+001	3.706760e+001	
4.407869e+001	4.407869e+001	4.407869e+001	
5.267835e+001	5.267835e+001	5.267835e+001	
6.136690e+001	6.136690e+001	6.136690e+001	
6.970544e+001	6.970544e+001	6.970544e+001	
7.617863e+001	7.617863e+001	7.617863e+001	
8.105438e+001	8.105438e+001	8.105438e+001	
8.385049e+001	8.385049e+001	8.385049e+001	
8.568821e+001	8.568821e+001	8.568821e+001	
8.668389e+001	8.668389e+001	8.668389e+001	
8.752091e+001	8.752091e+001	8.752091e+001	
8.761177e+001	8.761177e+001	8.761177e+001	
8.769132e+001	8.769132e+001	8.769132e+001	
8.789359e+001	8.789359e+001	8.789359e+001	
8.817535e+001	8.817535e+001	8.817535e+001	
8.806076e+001	8.806076e+001	8.806076e+001	
8.830719e+001	8.830719e+001	8.830719e+001	
8.827921e+001	8.827921e+001	8.827921e+001	
8.814785e+001	8.814785e+001	8.814785e+001	
8.810962e+001	8.810962e+001	8.810962e+001	
8.759726e+001	8.759726e+001	8.759726e+001	
8.631841e+001	8.631841e+001	8.631841e+001	
8.434820e+001	8.434820e+001	8.434820e+001	
8.110767e+001	8.110767e+001	8.110767e+001	
7.641721e+001	7.641721e+001	7.641721e+001	
6.987627e+001	6.987627e+001	6.987627e+001	
6.137756e+001	6.137756e+001	6.137756e+001	
5.268730e+001	5.268730e+001	5.268730e+001	
4.407865e+001	4.407865e+001	4.407865e+001	
3.697601e+001	3.697601e+001	3.697601e+001	
3.155143e+001	3.155143e+001	3.155143e+001	
2.754488e+001	2.754488e+001	2.754488e+001	
2.495023e+001	2.495023e+001	2.495023e+001	
2.546179e+001	2.546179e+001	2.546179e+001	
2.838086e+001	2.838086e+001	2.838086e+001	
3.219941e+001	3.219941e+001	3.219941e+001	
3.760381e+001	3.760381e+001	3.760381e+001	
4.442209e+001	4.442209e+001	4.442209e+001	
5.225855e+001	5.225855e+001	5.225855e+001	
6.083323e+001	6.083323e+001	6.083323e+001	
6.884182e+001	6.884182e+001	6.884182e+001	
7.529430e+001	7.529430e+001	7.529430e+001	
8.059346e+001	8.059346e+001	8.059346e+001	
8.375350e+001	8.375350e+001	8.375350e+001	
8.601257e+001	8.601257e+001	8.601257e+001	
8.746474e+001	8.746474e+001	8.746474e+001	
8.850307e+001	8.850307e+001	8.850307e+001	
8.900961e+001	8.900961e+001	8.900961e+001	
8.913026e+001	8.913026e+001	8.913026e+001	
8.946429e+001	8.946429e+001	8.946429e+001	
8.961155e+001	8.961155e+001	8.961155e+001	
8.973255e+001	8.973255e+001	8.973255e+001	
8.988380e+001	8.988380e+001	8.988380e+001	
8.976920e+001	8.976920e+001	8.976920e+001	
8.927724e+001	8.927724e+001	8.927724e+001	
8.886816e+001	8.886816e+001	8.886816e+001	
8.806377e+001	8.806377e+001	8.806377e+001	
8.692995e+001	8.692995e+001	8.692995e+001	
8.443867e+001	8.443867e+001	8.443867e+001	
8.064811e+001	8.064811e+001	8.064811e+001	
7.567515e+001	7.567515e+001	7.567515e+001	
6.870273e+001	6.870273e+001	6.870273e+001	
6.089388e+001	6.089388e+001	6.089388e+001	
5.226769e+001	5.226769e+001	5.226769e+001	
4.441967e+001	4.441967e+001	4.441967e+001	
3.772941e+001	3.772941e+001	3.772941e+001	
3.217117e+001	3.217117e+001	3.217117e+001	
2.841031e+001	2.841031e+001	2.841031e+001	
2.547225e+001	2.547225e+001	2.547225e+001	
2.600757e+001	2.600757e+001	2.600757e+001	
2.886224e+001	2.886224e+001	2.886224e+001	
3.273367e+001	3.273367e+001	3.273367e+001	
3.797499e+001	3.797499e+001	3.797499e+001	
4.477858e+001	4.477858e+001	4.477858e+001	
5.224811e+001	5.224811e+001	5.224811e+001	
6.045000e+001	6.045000e+001	6.045000e+001	
6.776892e+001	6.776892e+001	6.776892e+001	
7.464391e+001	7.464391e+001	7.464391e+001	
7.985274e+001	7.985274e+001	7.985274e+001	
8.430658e+001	8.430658e+001	8.430658e+001	
8.711559e+001	8.711559e+001	8.711559e+001	
8.927681e+001	8.927681e+001	8.927681e+001	
9.059273e+001	9.059273e+001	9.059273e+001	
9.159087e+001	9.159087e+001	9.159087e+001	
9.223105e+001	9.223105e+001	9.223105e+001	
9.271877e+001	9.271877e+001	9.271877e+001	
9.280611e+001	9.280611e+001	9.280611e+001	
9.310609e+001	9.310609e+001	9.310609e+001	
9.285355e+001	9.285355e+001	9.285355e+001	
9.247409e+001	9.247409e+001	9.247409e+001	
9.179960e+001	9.179960e+001	9.179960e+001	
9.115858e+001	9.115858e+001	9.115858e+001	
8.965031e+001	8.965031e+001	8.965031e+001	
8.754945e+001	8.754945e+001	8.754945e+001	
8.429710e+001	8.429710e+001	8.429710e+001	
8.037672e+001	8.037672e+001	8.037672e+001	
7.481615e+001	7.481615e+001	7.481615e+001	
6.784763e+001	6.784763e+001	6.784763e+001	
6.043832e+001	6.043832e+001	6.043832e+001	
5.226290e+001	5.226290e+001	5.226290e+001	
4.481533e+001	4.481533e+001	4.481533e+001	
3.799891e+001	3.799891e+001	3.799891e+001	
3.271141e+001	3.271141e+001	3.271141e+001	
2.876018e+001	2.876018e+001	2.876018e+001	
2.594601e+001	2.594601e+001	2.594601e+001	
2.613062e+001	2.613062e+001	2.613062e+001	
2.916175e+001	2.916175e+001	2.916175e+001	
3.307707e+001	3.307707e+001	3.307707e+001	
3.827216e+001	3.827216e+001	3.827216e+001	
4.481336e+001	4.481336e+001	4.481336e+001	
5.229114e+001	5.229114e+001	5.229114e+001	
5.998090e+001	5.998090e+001	5.998090e+001	
6.736144e+001	6.736144e+001	6.736144e+001	
7.420355e+001	7.420355e+001	7.420355e+001	
8.008466e+001	8.008466e+001	8.008466e+001	
8.470722e+001	8.470722e+001	8.470722e+001	
8.840279e+001	8.840279e+001	8.840279e+001	
9.121848e+001	9.121848e+001	9.121848e+001	
9.339048e+001	9.339048e+001	9.339048e+001	
9.488169e+001	9.488169e+001	9.488169e+001	
9.575988e+001	9.575988e+001	9.575988e+001	
9.627927e+001	9.627927e+001	9.627927e+001	
9.676632e+001	9.676632e+001	9.676632e+001	
9.668221e+001	9.668221e+001	9.668221e+001	
9.669090e+001	9.669090e+001	9.669090e+001	
9.598898e+001	9.598898e+001	9.598898e+001	
9.494859e+001	9.494859e+001	9.494859e+001	
9.334117e+001	9.334117e+001	9.334117e+001	
9.115845e+001	9.115845e+001	9.115845e+001	
8.864202e+001	8.864202e+001	8.864202e+001	
8.482528e+001	8.482528e+001	8.482528e+001	
8.008619e+001	8.008619e+001	8.008619e+001	
7.419042e+001	7.419042e+001	7.419042e+001	
6.736125e+001	6.736125e+001	6.736125e+001	
6.004150e+001	6.004150e+001	6.004150e+001	
5.226824e+001	5.226824e+001	5.226824e+001	
4.474974e+001	4.474974e+001	4.474974e+001	
3.827733e+001	3.827733e+001	3.827733e+001	
3.306982e+001	3.306982e+001	3.306982e+001	
2.922485e+001	2.922485e+001	2.922485e+001	
2.628633e+001	2.628633e+001	2.628633e+001	
2.645860e+001	2.645860e+001	2.645860e+001	
2.949336e+001	2.949336e+001	2.949336e+001	
3.342429e+001	3.342429e+001	3.342429e+001	
3.867222e+001	3.867222e+001	3.867222e+001	
4.476744e+001	4.476744e+001	4.476744e+001	
5.230597e+001	5.230597e+001	5.230597e+001	
5.954766e+001	5.954766e+001	5.954766e+001	
6.745430e+001	6.745430e+001	6.745430e+001	
7.411854e+001	7.411854e+001	7.411854e+001	
7.997288e+001	7.997288e+001	7.997288e+001	
8.517474e+001	8.517474e+001	8.517474e+001	
8.912215e+001	8.912215e+001	8.912215e+001	
9.227254e+001	9.227254e+001	9.227254e+001	
9.482130e+001	9.482130e+001	9.482130e+001	
9.680289e+001	9.680289e+001	9.680289e+001	
9.846492e+001	9.846492e+001	9.846492e+001	
9.916006e+001	9.916006e+001	9.916006e+001	
9.962159e+001	9.962159e+001	9.962159e+001	
9.945260e+001	9.945260e+001	9.945260e+001	
9.898161e+001	9.898161e+001	9.898161e+001	
9.829239e+001	9.829239e+001	9.829239e+001	
9.697775e+001	9.697775e+001	9.697775e+001	
9.482233e+001	9.482233e+001	9.482233e+001	
9.234330e+001	9.234330e+001	9.234330e+001	
8.923342e+001	8.923342e+001	8.923342e+001	
8.486359e+001	8.486359e+001	8.486359e+001	
7.997215e+001	7.997215e+001	7.997215e+001	
7.404746e+001	7.404746e+001	7.404746e+001	
6.741129e+001	6.741129e+001	6.741129e+001	
5.952167e+001	5.952167e+001	5.952167e+001	
5.231796e+001	5.231796e+001	5.231796e+001	
4.481920e+001	4.481920e+001	4.481920e+001	
3.863963e+001	3.863963e+001	3.863963e+001	
3.341736e+001	3.341736e+001	3.341736e+001	
2.938400e+001	2.938400e+001	2.938400e+001	
2.654542e+001	2.654542e+001	2.654542e+001	
2.637638e+001	2.637638e+001	2.637638e+001	
2.940334e+001	2.940334e+001	2.940334e+001	
3.325489e+001	3.325489e+001	3.325489e+001	
3.865801e+001	3.865801e+001	3.865801e+001	
4.474424e+001	4.474424e+001	4.474424e+001	
5.229350e+001	5.229350e+001	5.229350e+001	
5.954695e+001	5.954695e+001	5.954695e+001	
6.700836e+001	6.700836e+001	6.700836e+001	
7.372497e+001	7.372497e+001	7.372497e+001	
7.988152e+001	7.988152e+001	7.988152e+001	
8.502316e+001	8.502316e+001	8.502316e+001	
8.879214e+001	8.879214e+001	8.879214e+001	
9.201391e+001	9.201391e+001	9.201391e+001	
9.441742e+001	9.441742e+001	9.441742e+001	
9.654019e+001	9.654019e+001	9.654019e+001	
9.781905e+001	9.781905e+001	9.781905e+001	
9.867470e+001	9.867470e+001	9.867470e+001	
9.903521e+001	9.903521e+001	9.903521e+001	
9.896129e+001	9.896129e+001	9.896129e+001	
9.863111e+001	9.863111e+001	9.863111e+001	
9.778089e+001	9.778089e+001	9.778089e+001	
9.637794e+001	9.637794e+001	9.637794e+001	
9.460767e+001	9.460767e+001	9.460767e+001	
9.210253e+001	9.210253e+001	9.210253e+001	
8.893913e+001	8.893913e+001	8.893913e+001	
8.470905e+001	8.470905e+001	8.470905e+001	
7.986423e+001	7.986423e+001	7.986423e+001	
7.369449e+001	7.369449e+001	7.369449e+001	
6.690733e+001	6.690733e+001	6.690733e+001	
5.955338e+001	5.955338e+001	5.955338e+001	
5.230017e+001	5.230017e+001	5.230017e+001	
4.480559e+001	4.480559e+001	4.480559e+001	
3.864907e+001	3.864907e+001	3.864907e+001	
3.339638e+001	3.339638e+001	3.339638e+001	
2.946811e+001	2.946811e+001	2.946811e+001	
2.646807e+001	2.646807e+001	2.646807e+001	
2.642739e+001	2.642739e+001	2.642739e+001	
2.941595e+001	2.941595e+001	2.941595e+001	
3.337114e+001	3.337114e+001	3.337114e+001	
3.869036e+001	3.869036e+001	3.869036e+001	
4.476236e+001	4.476236e+001	4.476236e+001	
5.222361e+001	5.222361e+001	5.222361e+001	
5.952802e+001	5.952802e+001	5.952802e+001	
6.734444e+001	6.734444e+001	6.734444e+001	
7.373432e+001	7.373432e+001	7.373432e+001	
7.962302e+001	7.962302e+001	7.962302e+001	
8.436966e+001	8.436966e+001	8.436966e+001	
8.782220e+001	8.782220e+001	8.782220e+001	
9.073078e+001	9.073078e+001	9.073078e+001	
9.273996e+001	9.273996e+001	9.273996e+001	
9.425526e+001	9.425526e+001	9.425526e+001	
9.520644e+001	9.520644e+001	9.520644e+001	
9.618008e+001	9.618008e+001	9.618008e+001	
9.613614e+001	9.613614e+001	9.613614e+001	
9.609200e+001	9.609200e+001	9.609200e+001	
9.599592e+001	9.599592e+001	9.599592e+001	
9.522933e+001	9.522933e+001	9.522933e+001	
9.455015e+001	9.455015e+001	9.455015e+001	
9.289664e+001	9.289664e+001	9.289664e+001	
9.091352e+001	9.091352e+001	9.091352e+001	
8.785762e+001	8.785762e+001	8.785762e+001	
8.437536e+001	8.437536e+001	8.437536e+001	
7.983413e+001	7.983413e+001	7.983413e+001	
7.374048e+001	7.374048e+001	7.374048e+001	
6.743431e+001	6.743431e+001	6.743431e+001	
5.955840e+001	5.955840e+001	5.955840e+001	
5.230011e+001	5.230011e+001	5.230011e+001	
4.475304e+001	4.475304e+001	4.475304e+001	
3.866928e+001	3.866928e+001	3.866928e+001	
3.338195e+001	3.338195e+001	3.338195e+001	
2.937238e+001	2.937238e+001	2.937238e+001	
2.641517e+001	2.641517e+001	2.641517e+001	
2.622714e+001	2.622714e+001	2.622714e+001	
2.913773e+001	2.913773e+001	2.913773e+001	
3.321887e+001	3.321887e+001	3.321887e+001	
3.825113e+001	3.825113e+001	3.825113e+001	
4.480236e+001	4.480236e+001	4.480236e+001	
5.228715e+001	5.228715e+001	5.228715e+001	
5.994735e+001	5.994735e+001	5.994735e+001	
6.740163e+001	6.740163e+001	6.740163e+001	
7.433621e+001	7.433621e+001	7.433621e+001	
7.962463e+001	7.962463e+001	7.962463e+001	
8.359165e+001	8.359165e+001	8.359165e+001	
8.694188e+001	8.694188e+001	8.694188e+001	
8.896690e+001	8.896690e+001	8.896690e+001	
9.080070e+001	9.080070e+001	9.080070e+001	
9.185954e+001	9.185954e+001	9.185954e+001	
9.264135e+001	9.264135e+001	9.264135e+001	
9.311838e+001	9.311838e+001	9.311838e+001	
9.338264e+001	9.338264e+001	9.338264e+001	
9.338094e+001	9.338094e+001	9.338094e+001	
9.340554e+001	9.340554e+001	9.340554e+001	
9.283849e+001	9.283849e+001	9.283849e+001	
9.213581e+001	9.213581e+001	9.213581e+001	
9.108221e+001	9.108221e+001	9.108221e+001	
8.939689e+001	8.939689e+001	8.939689e+001	
8.731943e+001	8.731943e+001	8.731943e+001	
8.408788e+001	8.408788e+001	8.408788e+001	
7.953660e+001	7.953660e+001	7.953660e+001	
7.427103e+001	7.427103e+001	7.427103e+001	
6.743855e+001	6.743855e+001	6.743855e+001	
5.991420e+001	5.991420e+001	5.991420e+001	
5.229354e+001	5.229354e+001	5.229354e+001	
4.484093e+001	4.484093e+001	4.484093e+001	
3.824398e+001	3.824398e+001	3.824398e+001	
3.309501e+001	3.309501e+001	3.309501e+001	
2.908120e+001	2.908120e+001	2.908120e+001	
2.621371e+001	2.621371e+001	2.621371e+001	
2.578134e+001	2.578134e+001	2.578134e+001	
2.869394e+001	2.869394e+001	2.869394e+001	
3.257080e+001	3.257080e+001	3.257080e+001	
3.790763e+001	3.790763e+001	3.790763e+001	
4.441537e+001	4.441537e+001	4.441537e+001	
5.229520e+001	5.229520e+001	5.229520e+001	
6.042934e+001	6.042934e+001	6.042934e+001	
6.833808e+001	6.833808e+001	6.833808e+001	
7.484097e+001	7.484097e+001	7.484097e+001	
7.981944e+001	7.981944e+001	7.981944e+001	
8.364305e+001	8.364305e+001	8.364305e+001	
8.625179e+001	8.625179e+001	8.625179e+001	
8.817070e+001	8.817070e+001	8.817070e+001	
8.959929e+001	8.959929e+001	8.959929e+001	
9.033934e+001	9.033934e+001	9.033934e+001	
9.123834e+001	9.123834e+001	9.123834e+001	
9.150146e+001	9.150146e+001	9.150146e+001	
9.145569e+001	9.145569e+001	9.145569e+001	
9.166270e+001	9.166270e+001	9.166270e+001	
9.149423e+001	9.149423e+001	9.149423e+001	
9.121625e+001	9.121625e+001	9.121625e+001	
9.057835e+001	9.057835e+001	9.057835e+001	
8.968168e+001	8.968168e+001	8.968168e+001	
8.872250e+001	8.872250e+001	8.872250e+001	
8.667300e+001	8.667300e+001	8.667300e+001	
8.414171e+001	8.414171e+001	8.414171e+001	
8.010182e+001	8.010182e+001	8.010182e+001	
7.483453e+001	7.483453e+001	7.483453e+001	
6.837968e+001	6.837968e+001	6.837968e+001	
6.042980e+001	6.042980e+001	6.042980e+001	
5.226764e+001	5.226764e+001	5.226764e+001	
4.445154e+001	4.445154e+001	4.445154e+001	
3.788985e+001	3.788985e+001	3.788985e+001	
3.239856e+001	3.239856e+001	3.239856e+001	
2.858031e+001	2.858031e+001	2.858031e+001	
2.580413e+001	2.580413e+001	2.580413e+001	
2.537825e+001	2.537825e+001	2.537825e+001	
2.804741e+001	2.804741e+001	2.804741e+001	
3.200849e+001	3.200849e+001	3.200849e+001	
3.725556e+001	3.725556e+001	3.725556e+001	
4.442714e+001	4.442714e+001	4.442714e+001	
5.223984e+001	5.223984e+001	5.223984e+001	
6.086353e+001	6.086353e+001	6.086353e+001	
6.877817e+001	6.877817e+001	6.877817e+001	
7.544453e+001	7.544453e+001	7.544453e+001	
8.038992e+001	8.038992e+001	8.038992e+001	
8.397172e+001	8.397172e+001	8.397172e+001	
8.673176e+001	8.673176e+001	8.673176e+001	
8.823393e+001	8.823393e+001	8.823393e+001	
8.938406e+001	8.938406e+001	8.938406e+001	
9.024525e+001	9.024525e+001	9.024525e+001	
9.075981e+001	9.075981e+001	9.075981e+001	
9.105978e+001	9.105978e+001	9.105978e+001	
9.106469e+001	9.106469e+001	9.106469e+001	
9.137556e+001	9.137556e+001	9.137556e+001	
9.110855e+001	9.110855e+001	9.110855e+001	
9.097283e+001	9.097283e+001	9.097283e+001	
9.044614e+001	9.044614e+001	9.044614e+001	
8.968767e+001	8.968767e+001	8.968767e+001	
8.861158e+001	8.861158e+001	8.861158e+001	
8.690481e+001	8.690481e+001	8.690481e+001	
8.439963e+001	8.439963e+001	8.439963e+001	
8.061335e+001	8.061335e+001	8.061335e+001	
7.575756e+001	7.575756e+001	7.575756e+001	
6.920809e+001	6.920809e+001	6.920809e+001	
6.096415e+001	6.096415e+001	6.096415e+001	
5.226564e+001	5.226564e+001	5.226564e+001	
4.440401e+001	4.440401e+001	4.440401e+001	
3.727160e+001	3.727160e+001	3.727160e+001	
3.187931e+001	3.187931e+001	3.187931e+001	
2.808344e+001	2.808344e+001	2.808344e+001	
2.525816e+001	2.525816e+001	2.525816e+001	
2.469867e+001	2.469867e+001	2.469867e+001	
2.741220e+001	2.741220e+001	2.741220e+001	
3.124629e+001	3.124629e+001	3.124629e+001	
3.673970e+001	3.673970e+001	3.673970e+001	
4.410626e+001	4.410626e+001	4.410626e+001	
5.264784e+001	5.264784e+001	5.264784e+001	
6.182139e+001	6.182139e+001	6.182139e+001	
7.032942e+001	7.032942e+001	7.032942e+001	
7.698556e+001	7.698556e+001	7.698556e+001	
8.155226e+001	8.155226e+001	8.155226e+001	
8.512280e+001	8.512280e+001	8.512280e+001	
8.720348e+001	8.720348e+001	8.720348e+001	
8.906614e+001	8.906614e+001	8.906614e+001	
9.015376e+001	9.015376e+001	9.015376e+001	
9.099368e+001	9.099368e+001	9.099368e+001	
9.147347e+001	9.147347e+001	9.147347e+001	
9.161380e+001	9.161380e+001	9.161380e+001	
9.194268e+001	9.194268e+001	9.194268e+001	
9.196764e+001	9.196764e+001	9.196764e+001	
9.201426e+001	9.201426e+001	9.201426e+001	
9.187541e+001	9.187541e+001	9.187541e+001	
9.136368e+001	9.136368e+001	9.136368e+001	
9.040081e+001	9.040081e+001	9.040081e+001	
8.949162e+001	8.949162e+001	8.949162e+001	
8.770158e+001	8.770158e+001	8.770158e+001	
8.548088e+001	8.548088e+001	8.548088e+001	
8.198429e+001	8.198429e+001	8.198429e+001	
7.687214e+001	7.687214e+001	7.687214e+001	
7.015142e+001	7.015142e+001	7.015142e+001	
6.185548e+001	6.185548e+001	6.185548e+001	
5.268599e+001	5.268599e+001	5.268599e+001	
4.411427e+001	4.411427e+001	4.411427e+001	
3.679627e+001	3.679627e+001	3.679627e+001	
3.121819e+001	3.121819e+001	3.121819e+001	
2.735580e+001	2.735580e+001	2.735580e+001	
2.486256e+001	2.486256e+001	2.486256e+001	
2.433397e+001	2.433397e+001	2.433397e+001	
2.671895e+001	2.671895e+001	2.671895e+001	
3.060866e+001	3.060866e+001	3.060866e+001	
3.596931e+001	3.596931e+001	3.596931e+001	
4.366903e+001	4.366903e+001	4.366903e+001	
5.269272e+001	5.269272e+001	5.269272e+001	
6.268986e+001	6.268986e+001	6.268986e+001	
7.126987e+001	7.126987e+001	7.126987e+001	
7.803015e+001	7.803015e+001	7.803015e+001	
8.310116e+001	8.310116e+001	8.310116e+001	
8.661026e+001	8.661026e+001	8.661026e+001	
8.901183e+001	8.901183e+001	8.901183e+001	
9.084395e+001	9.084395e+001	9.084395e+001	
9.203853e+001	9.203853e+001	9.203853e+001	
9.249703e+001	9.249703e+001	9.249703e+001	
9.332565e+001	9.332565e+001	9.332565e+001	
9.364436e+001	9.364436e+001	9.364436e+001	
9.371947e+001	9.371947e+001	9.371947e+001	
9.390049e+001	9.390049e+001	9.390049e+001	
9.348731e+001	9.348731e+001	9.348731e+001	
9.343089e+001	9.343089e+001	9.343089e+001	
9.287641e+001	9.287641e+001	9.287641e+001	
9.216803e+001	9.216803e+001	9.216803e+001	
9.094769e+001	9.094769e+001	9.094769e+001	
8.926257e+001	8.926257e+001	8.926257e+001	
8.705234e+001	8.705234e+001	8.705234e+001	
8.351795e+001	8.351795e+001	8.351795e+001	
7.853813e+001	7.853813e+001	7.853813e+001	
7.114297e+001	7.114297e+001	7.114297e+001	
6.266494e+001	6.266494e+001	6.266494e+001	
5.278091e+001	5.278091e+001	5.278091e+001	
4.366797e+001	4.366797e+001	4.366797e+001	
3.597178e+001	3.597178e+001	3.597178e+001	
3.056519e+001	3.056519e+001	3.056519e+001	
2.673100e+001	2.673100e+001	2.673100e+001	
2.427864e+001	2.427864e+001	2.427864e+001	
2.386164e+001	2.386164e+001	2.386164e+001	
2.628677e+001	2.628677e+001	2.628677e+001	
2.975243e+001	2.975243e+001	2.975243e+001	
3.529221e+001	3.529221e+001	3.529221e+001	
4.337594e+001	4.337594e+001	4.337594e+001	
5.301795e+001	5.301795e+001	5.301795e+001	
6.368053e+001	6.368053e+001	6.368053e+001	
7.254057e+001	7.254057e+001	7.254057e+001	
7.959502e+001	7.959502e+001	7.959502e+001	
8.501506e+001	8.501506e+001	8.501506e+001	
8.846725e+001	8.846725e+001	8.846725e+001	
9.110512e+001	9.110512e+001	9.110512e+001	
9.301842e+001	9.301842e+001	9.301842e+001	
9.441975e+001	9.441975e+001	9.441975e+001	
9.493976e+001	9.493976e+001	9.493976e+001	
9.587209e+001	9.587209e+001	9.587209e+001	
9.610950e+001	9.610950e+001	9.610950e+001	
9.636349e+001	9.636349e+001	9.636349e+001	
9.632726e+001	9.632726e+001	9.632726e+001	
9.607796e+001	9.607796e+001	9.607796e+001	
9.577672e+001	9.577672e+001	9.577672e+001	
9.532771e+001	9.532771e+001	9.532771e+001	
9.435236e+001	9.435236e+001	9.435236e+001	
9.328496e+001	9.328496e+001	9.328496e+001	
9.138675e+001	9.138675e+001	9.138675e+001	
8.866687e+001	8.866687e+001	8.866687e+001	
8.489990e+001	8.489990e+001	8.489990e+001	
8.006572e+001	8.006572e+001	8.006572e+001	
7.260837e+001	7.260837e+001	7.260837e+001	
6.362640e+001	6.362640e+001	6.362640e+001	
5.309278e+001	5.309278e+001	5.309278e+001	
4.332115e+001	4.332115e+001	4.332115e+001	
3.528654e+001	3.528654e+001	3.528654e+001	
2.978684e+001	2.978684e+001	2.978684e+001	
2.623332e+001	2.623332e+001	2.623332e+001	
2.393159e+001	2.393159e+001	2.393159e+001	
2.352060e+001	2.352060e+001	2.352060e+001	
2.578466e+001	2.578466e+001	2.578466e+001	
2.923861e+001	2.923861e+001	2.923861e+001	
3.491967e+001	3.491967e+001	3.491967e+001	
4.299252e+001	4.299252e+001	4.299252e+001	
5.310566e+001	5.310566e+001	5.310566e+001	
6.406420e+001	6.406420e+001	6.406420e+001	
7.368668e+001	7.368668e+001	7.368668e+001	
8.086908e+001	8.086908e+001	8.086908e+001	
8.636028e+001	8.636028e+001	8.636028e+001	
9.041016e+001	9.041016e+001	9.041016e+001	
9.301817e+001	9.301817e+001	9.301817e+001	
9.496625e+001	9.496625e+001	9.496625e+001	
9.634386e+001	9.634386e+001	9.634386e+001	
9.728517e+001	9.728517e+001	9.728517e+001	
9.790719e+001	9.790719e+001	9.790719e+001	
9.837582e+001	9.837582e+001	9.837582e+001	
9.843195e+001	9.843195e+001	9.843195e+001	
9.868931e+001	9.868931e+001	9.868931e+001	
9.830173e+001	9.830173e+001	9.830173e+001	
9.802744e+001	9.802744e+001	9.802744e+001	
9.749557e+001	9.749557e+001	9.749557e+001	
9.618349e+001	9.618349e+001	9.618349e+001	
9.506360e+001	9.506360e+001	9.506360e+001	
9.306110e+001	9.306110e+001	9.306110e+001	
9.054959e+001	9.054959e+001	9.054959e+001	
8.647562e+001	8.647562e+001	8.647562e+001	
8.097894e+001	8.097894e+001	8.097894e+001	
7.361855e+001	7.361855e+001	7.361855e+001	
6.405084e+001	6.405084e+001	6.405084e+001	
5.308995e+001	5.308995e+001	5.308995e+001	
4.294140e+001	4.294140e+001	4.294140e+001	
3.499146e+001	3.499146e+001	3.499146e+001	
2.922130e+001	2.922130e+001	2.922130e+001	
2.587919e+001	2.587919e+001	2.587919e+001	
2.357080e+001	2.357080e+001	2.357080e+001	
2.355104e+001	2.355104e+001	2.355104e+001	
2.553708e+001	2.553708e+001	2.553708e+001	
2.911182e+001	2.911182e+001	2.911182e+001	
3.461664e+001	3.461664e+001	3.461664e+001	
4.298966e+001	4.298966e+001	4.298966e+001	
5.353397e+001	5.353397e+001	5.353397e+001	
6.452135e+001	6.452135e+001	6.452135e+001	
7.402206e+001	7.402206e+001	7.402206e+001	
8.156377e+001	8.156377e+001	8.156377e+001	
8.702866e+001	8.702866e+001	8.702866e+001	
9.090277e+001	9.090277e+001	9.090277e+001	
9.362853e+001	9.362853e+001	9.362853e+001	
9.585089e+001	9.585089e+001	9.585089e+001	
9.713910e+001	9.713910e+001	9.713910e+001	
9.829353e+001	9.829353e+001	9.829353e+001	
9.884616e+001	9.884616e+001	9.884616e+001	
9.945657e+001	9.945657e+001	9.945657e+001	
9.943826e+001	9.943826e+001	9.943826e+001	
9.934815e+001	9.934815e+001	9.934815e+001	
9.935381e+001	9.935381e+001	9.935381e+001	
9.885975e+001	9.885975e+001	9.885975e+001	
9.819103e+001	9.819103e+001	9.819103e+001	
9.716020e+001	9.716020e+001	9.716020e+001	
9.585497e+001	9.585497e+001	9.585497e+001	
9.387742e+001	9.387742e+001	9.387742e+001	
9.084752e+001	9.084752e+001	9.084752e+001	
8.689155e+001	8.689155e+001	8.689155e+001	
8.165707e+001	8.165707e+001	8.165707e+001	
7.421394e+001	7.421394e+001	7.421394e+001	
6.449850e+001	6.449850e+001	6.449850e+001	
5.351796e+001	5.351796e+001	5.351796e+001	
4.295778e+001	4.295778e+001	4.295778e+001	
3.469022e+001	3.469022e+001	3.469022e+001	
2.913979e+001	2.913979e+001	2.913979e+001	
2.553624e+001	2.553624e+001	2.553624e+001	
2.333638e+001	2.333638e+001	2.333638e+001	
2.347730e+001	2.347730e+001	2.347730e+001	
2.561793e+001	2.561793e+001	2.561793e+001	
2.909690e+001	2.909690e+001	2.909690e+001	
3.462396e+001	3.462396e+001	3.462396e+001	
4.294659e+001	4.294659e+001	4.294659e+001	
5.350795e+001	5.350795e+001	5.350795e+001	
6.442735e+001	6.442735e+001	6.442735e+001	
7.422626e+001	7.422626e+001	7.422626e+001	
8.140211e+001	8.140211e+001	8.140211e+001	
8.693540e+001	8.693540e+001	8.693540e+001	
9.049259e+001	9.049259e+001	9.049259e+001	
9.303057e+001	9.303057e+001	9.303057e+001	
9.507510e+001	9.507510e+001	9.507510e+001	
9.638733e+001	9.638733e+001	9.638733e+001	
9.738931e+001	9.738931e+001	9.738931e+001	
9.769810e+001	9.769810e+001	9.769810e+001	
9.840417e+001	9.840417e+001	9.840417e+001	
9.841280e+001	9.841280e+001	9.841280e+001	
9.845023e+001	9.845023e+001	9.845023e+001	
9.837083e+001	9.837083e+001	9.837083e+001	
9.806126e+001	9.806126e+001	9.806126e+001	
9.726765e+001	9.726765e+001	9.726765e+001	
9.656008e+001	9.656008e+001	9.656008e+001	
9.529248e+001	9.529248e+001	9.529248e+001	
9.338918e+001	9.338918e+001	9.338918e+001	
9.071124e+001	9.071124e+001	9.071124e+001	
8.698418e+001	8.698418e+001	8.698418e+001	
8.134407e+001	8.134407e+001	8.134407e+001	
7.427438e+001	7.427438e+001	7.427438e+001	
6.442945e+001	6.442945e+001	6.442945e+001	
5.355841e+001	5.355841e+001	5.355841e+001	
4.292734e+001	4.292734e+001	4.292734e+001	
3.463794e+001	3.463794e+001	3.463794e+001	
2.917676e+001	2.917676e+001	2.917676e+001	
2.552876e+001	2.552876e+001	2.552876e+001	
2.336357e+001	2.336357e+001	2.336357e+001	
2.354420e+001	2.354420e+001	2.354420e+001	
2.578100e+001	2.578100e+001	2.578100e+001	
2.939739e+001	2.939739e+001	2.939739e+001	
3.489492e+001	3.489492e+001	3.489492e+001	
4.303059e+001	4.303059e+001	4.303059e+001	
5.306087e+001	5.306087e+001	5.306087e+001	
6.408681e+001	6.408681e+001	6.408681e+001	
7.343275e+001	7.343275e+001	7.343275e+001	
8.068097e+001	8.068097e+001	8.068097e+001	
8.544078e+001	8.544078e+001	8.544078e+001	
8.923220e+001	8.923220e+001	8.923220e+001	
9.163363e+001	9.163363e+001	9.163363e+001	
9.338255e+001	9.338255e+001	9.338255e+001	
9.434503e+001	9.434503e+001	9.434503e+001	
9.522842e+001	9.522842e+001	9.522842e+001	
9.580206e+001	9.580206e+001	9.580206e+001	
9.609339e+001	9.609339e+001	9.609339e+001	
9.615794e+001	9.615794e+001	9.615794e+001	
9.621890e+001	9.621890e+001	9.621890e+001	
9.630226e+001	9.630226e+001	9.630226e+001	
9.582246e+001	9.582246e+001	9.582246e+001	
9.544309e+001	9.544309e+001	9.544309e+001	
9.459734e+001	9.459734e+001	9.459734e+001	
9.315174e+001	9.315174e+001	9.315174e+001	
9.190059e+001	9.190059e+001	9.190059e+001	
8.917881e+001	8.917881e+001	8.917881e+001	
8.592881e+001	8.592881e+001	8.592881e+001	
8.044347e+001	8.044347e+001	8.044347e+001	
7.322765e+001	7.322765e+001	7.322765e+001	
6.402603e+001	6.402603e+001	6.402603e+001	
5.310154e+001	5.310154e+001	5.310154e+001	
4.292546e+001	4.292546e+001	4.292546e+001	
3.495169e+001	3.495169e+001	3.495169e+001	
2.929896e+001	2.929896e+001	2.929896e+001	
2.573736e+001	2.573736e+001	2.573736e+001	
2.357273e+001	2.357273e+001	2.357273e+001	
2.390004e+001	2.390004e+001	2.390004e+001	
2.621908e+001	2.621908e+001	2.621908e+001	
2.981301e+001	2.981301e+001	2.981301e+001	
3.531011e+001	3.531011e+001	3.531011e+001	
4.335959e+001	4.335959e+001	4.335959e+001	
5.311012e+001	5.311012e+001	5.311012e+001	
6.324454e+001	6.324454e+001	6.324454e+001	
7.225900e+001	7.225900e+001	7.225900e+001	
7.896105e+001	7.896105e+001	7.896105e+001	
8.409801e+001	8.409801e+001	8.409801e+001	
8.724294e+001	8.724294e+001	8.724294e+001	
8.953023e+001	8.953023e+001	8.953023e+001	
9.098979e+001	9.098979e+001	9.098979e+001	
9.216898e+001	9.216898e+001	9.216898e+001	
9.284509e+001	9.284509e+001	9.284509e+001	
9.334308e+001	9.334308e+001	9.334308e+001	
9.340742e+001	9.340742e+001	9.340742e+001	
9.388507e+001	9.388507e+001	9.388507e+001	
9.385572e+001	9.385572e+001	9.385572e+001	
9.355285e+001	9.355285e+001	9.355285e+001	
9.359046e+001	9.359046e+001	9.359046e+001	
9.298759e+001	9.298759e+001	9.298759e+001	
9.254830e+001	9.254830e+001	9.254830e+001	
9.161931e+001	9.161931e+001	9.161931e+001	
8.974355e+001	8.974355e+001	8.974355e+001	
8.778551e+001	8.778551e+001	8.778551e+001	
8.438412e+001	8.438412e+001	8.438412e+001	
7.977396e+001	7.977396e+001	7.977396e+001	
7.234697e+001	7.234697e+001	7.234697e+001	
6.318838e+001	6.318838e+001	6.318838e+001	
5.312054e+001	5.312054e+001	5.312054e+001	
4.331933e+001	4.331933e+001	4.331933e+001	
3.542359e+001	3.542359e+001	3.542359e+001	
2.982879e+001	2.982879e+001	2.982879e+001	
2.618028e+001	2.618028e+001	2.618028e+001	
2.402075e+001	2.402075e+001	2.402075e+001	
2.440227e+001	2.440227e+001	2.440227e+001	
2.684073e+001	2.684073e+001	2.684073e+001	
3.072248e+001	3.072248e+001	3.072248e+001	
3.601600e+001	3.601600e+001	3.601600e+001	
4.363685e+001	4.363685e+001	4.363685e+001	
5.264725e+001	5.264725e+001	5.264725e+001	
6.269425e+001	6.269425e+001	6.269425e+001	
7.131672e+001	7.131672e+001	7.131672e+001	
7.800432e+001	7.800432e+001	7.800432e+001	
8.265070e+001	8.265070e+001	8.265070e+001	
8.594222e+001	8.594222e+001	8.594222e+001	
8.785163e+001	8.785163e+001	8.785163e+001	
8.939074e+001	8.939074e+001	8.939074e+001	
9.039323e+001	9.039323e+001	9.039323e+001	
9.106433e+001	9.106433e+001	9.106433e+001	
9.157429e+001	9.157429e+001	9.157429e+001	
9.176351e+001	9.176351e+001	9.176351e+001	
9.200783e+001	9.200783e+001	9.200783e+001	
9.201818e+001	9.201818e+001	9.201818e+001	
9.201511e+001	9.201511e+001	9.201511e+001	
9.195624e+001	9.195624e+001	9.195624e+001	
9.141931e+001	9.141931e+001	9.141931e+001	
9.079533e+001	9.079533e+001	9.079533e+001	
8.983289e+001	8.983289e+001	8.983289e+001	
8.822765e+001	8.822765e+001	8.822765e+001	
8.615408e+001	8.615408e+001	8.615408e+001	
8.302920e+001	8.302920e+001	8.302920e+001	
7.799670e+001	7.799670e+001	7.799670e+001	
7.129916e+001	7.129916e+001	7.129916e+001	
6.262562e+001	6.262562e+001	6.262562e+001	
5.271700e+001	5.271700e+001	5.271700e+001	
4.369627e+001	4.369627e+001	4.369627e+001	
3.591970e+001	3.591970e+001	3.591970e+001	
3.059197e+001	3.059197e+001	3.059197e+001	
2.671349e+001	2.671349e+001	2.671349e+001	
2.435587e+001	2.435587e+001	2.435587e+001	
2.478780e+001	2.478780e+001	2.478780e+001	
2.747952e+001	2.747952e+001	2.747952e+001	
3.127830e+001	3.127830e+001	3.127830e+001	
3.668109e+001	3.668109e+001	3.668109e+001	
4.402309e+001	4.402309e+001	4.402309e+001	
5.266156e+001	5.266156e+001	5.266156e+001	
6.182203e+001	6.182203e+001	6.182203e+001	
7.027018e+001	7.027018e+001	7.027018e+001	
7.651109e+001	7.651109e+001	7.651109e+001	
8.141700e+001	8.141700e+001	8.141700e+001	
8.485752e+001	8.485752e+001	8.485752e+001	
8.696310e+001	8.696310e+001	8.696310e+001	
8.857922e+001	8.857922e+001	8.857922e+001	
8.940991e+001	8.940991e+001	8.940991e+001	
9.026871e+001	9.026871e+001	9.026871e+001	
9.082848e+001	9.082848e+001	9.082848e+001	
9.107049e+001	9.107049e+001	9.107049e+001	
9.100378e+001	9.100378e+001	9.100378e+001	
9.130723e+001	9.130723e+001	9.130723e+001	
9.116740e+001	9.116740e+001	9.116740e+001	
9.103139e+001	9.103139e+001	9.103139e+001	
9.049894e+001	9.049894e+001	9.049894e+001	
8.996242e+001	8.996242e+001	8.996242e+001	
8.913131e+001	8.913131e+001	8.913131e+001	
8.764396e+001	8.764396e+001	8.764396e+001	
8.532123e+001	8.532123e+001	8.532123e+001	
8.186498e+001	8.186498e+001	8.186498e+001	
7.684082e+001	7.684082e+001	7.684082e+001	
7.022269e+001	7.022269e+001	7.022269e+001	
6.189007e+001	6.189007e+001	6.189007e+001	
5.274920e+001	5.274920e+001	5.274920e+001	
4.402179e+001	4.402179e+001	4.402179e+001	
3.671279e+001	3.671279e+001	3.671279e+001	
3.117300e+001	3.117300e+001	3.117300e+001	
2.725429e+001	2.725429e+001	2.725429e+001	
2.480101e+001	2.480101e+001	2.480101e+001	
2.523519e+001	2.523519e+001	2.523519e+001	
2.803286e+001	2.803286e+001	2.803286e+001	
3.195492e+001	3.195492e+001	3.195492e+001	
3.731994e+001	3.731994e+001	3.731994e+001	
4.442076e+001	4.442076e+001	4.442076e+001	
5.224990e+001	5.224990e+001	5.224990e+001	
6.088523e+001	6.088523e+001	6.088523e+001	
6.886570e+001	6.886570e+001	6.886570e+001	
7.593237e+001	7.593237e+001	7.593237e+001	
8.091241e+001	8.091241e+001	8.091241e+001	
8.408723e+001	8.408723e+001	8.408723e+001	
8.668983e+001	8.668983e+001	8.668983e+001	
8.838194e+001	8.838194e+001	8.838194e+001	
8.974519e+001	8.974519e+001	8.974519e+001	
9.039074e+001	9.039074e+001	9.039074e+001	
9.086628e+001	9.086628e+001	9.086628e+001	
9.137350e+001	9.137350e+001	9.137350e+001	
9.158041e+001	9.158041e+001	9.158041e+001	
9.179341e+001	9.179341e+001	9.179341e+001	
9.153335e+001	9.153335e+001	9.153335e+001	
9.129543e+001	9.129543e+001	9.129543e+001	
9.091711e+001	9.091711e+001	9.091711e+001	
9.018568e+001	9.018568e+001	9.018568e+001	
8.893733e+001	8.893733e+001	8.893733e+001	
8.744447e+001	8.744447e+001	8.744447e+001	
8.488670e+001	8.488670e+001	8.488670e+001	
8.117614e+001	8.117614e+001	8.117614e+001	
7.589886e+001	7.589886e+001	7.589886e+001	
6.927850e+001	6.927850e+001	6.927850e+001	
6.092684e+001	6.092684e+001	6.092684e+001	
5.227393e+001	5.227393e+001	5.227393e+001	
4.448399e+001	4.448399e+001	4.448399e+001	
3.730646e+001	3.730646e+001	3.730646e+001	
3.202964e+001	3.202964e+001	3.202964e+001	
2.800911e+001	2.800911e+001	2.800911e+001	
2.528809e+001	2.528809e+001	2.528809e+001	
2.576260e+001	2.576260e+001	2.576260e+001	
2.860530e+001	2.860530e+001	2.860530e+001	
3.238717e+001	3.238717e+001	3.238717e+001	
3.801109e+001	3.801109e+001	3.801109e+001	
4.435289e+001	4.435289e+001	4.435289e+001	
5.228524e+001	5.228524e+001	5.228524e+001	
6.046928e+001	6.046928e+001	6.046928e+001	
6.837810e+001	6.837810e+001	6.837810e+001	
7.486674e+001	7.486674e+001	7.486674e+001	
8.021462e+001	8.021462e+001	8.021462e+001	
8.445750e+001	8.445750e+001	8.445750e+001	
8.763527e+001	8.763527e+001	8.763527e+001	
8.955286e+001	8.955286e+001	8.955286e+001	
9.104978e+001	9.104978e+001	9.104978e+001	
9.190370e+001	9.190370e+001	9.190370e+001	
9.245345e+001	9.245345e+001	9.245345e+001	
9.318604e+001	9.318604e+001	9.318604e+001	
9.345683e+001	9.345683e+001	9.345683e+001	
9.344168e+001	9.344168e+001	9.344168e+001	
9.335689e+001	9.335689e+001	9.335689e+001	
9.291357e+001	9.291357e+001	9.291357e+001	
9.229530e+001	9.229530e+001	9.229530e+001	
9.137685e+001	9.137685e+001	9.137685e+001	
8.986560e+001	8.986560e+001	8.986560e+001	
8.765719e+001	8.765719e+001	8.765719e+001	
8.458559e+001	8.458559e+001	8.458559e+001	
8.068330e+001	8.068330e+001	8.068330e+001	
7.526646e+001	7.526646e+001	7.526646e+001	
6.841693e+001	6.841693e+001	6.841693e+001	
6.051066e+001	6.051066e+001	6.051066e+001	
5.229465e+001	5.229465e+001	5.229465e+001	
4.442575e+001	4.442575e+001	4.442575e+001	
3.799853e+001	3.799853e+001	3.799853e+001	
3.248210e+001	3.248210e+001	3.248210e+001	
2.857376e+001	2.857376e+001	2.857376e+001	
2.577983e+001	2.577983e+001	2.577983e+001	
2.610882e+001	2.610882e+001	2.610882e+001	
2.912338e+001	2.912338e+001	2.912338e+001	
3.311382e+001	3.311382e+001	3.311382e+001	
3.826191e+001	3.826191e+001	3.826191e+001	
4.475963e+001	4.475963e+001	4.475963e+001	
5.227989e+001	5.227989e+001	5.227989e+001	
5.997232e+001	5.997232e+001	5.997232e+001	
6.789139e+001	6.789139e+001	6.789139e+001	
7.434439e+001	7.434439e+001	7.434439e+001	
8.001849e+001	8.001849e+001	8.001849e+001	
8.477029e+001	8.477029e+001	8.477029e+001	
8.834177e+001	8.834177e+001	8.834177e+001	
9.075234e+001	9.075234e+001	9.075234e+001	
9.291077e+001	9.291077e+001	9.291077e+001	
9.423058e+001	9.423058e+001	9.423058e+001	
9.519006e+001	9.519006e+001	9.519006e+001	
9.594054e+001	9.594054e+001	9.594054e+001	
9.626347e+001	9.626347e+001	9.626347e+001	
9.613792e+001	9.613792e+001	9.613792e+001	
9.607256e+001	9.607256e+001	9.607256e+001	
9.534313e+001	9.534313e+001	9.534313e+001	
9.446211e+001	9.446211e+001	9.446211e+001	
9.303718e+001	9.303718e+001	9.303718e+001	
9.112157e+001	9.112157e+001	9.112157e+001	
8.843210e+001	8.843210e+001	8.843210e+001	
8.484322e+001	8.484322e+001	8.484322e+001	
8.034015e+001	8.034015e+001	8.034015e+001	
7.476026e+001	7.476026e+001	7.476026e+001	
6.776538e+001	6.776538e+001	6.776538e+001	
5.997974e+001	5.997974e+001	5.997974e+001	
5.225149e+001	5.225149e+001	5.225149e+001	
4.480845e+001	4.480845e+001	4.480845e+001	
3.833239e+001	3.833239e+001	3.833239e+001	
3.311526e+001	3.311526e+001	3.311526e+001	
2.908393e+001	2.908393e+001	2.908393e+001	
2.615394e+001	2.615394e+001	2.615394e+001	
2.644168e+001	2.644168e+001	2.644168e+001	
2.947480e+001	2.947480e+001	2.947480e+001	
3.333048e+001	3.333048e+001	3.333048e+001	
3.865211e+001	3.865211e+001	3.865211e+001	
4.488004e+001	4.488004e+001	4.488004e+001	
5.227481e+001	5.227481e+001	5.227481e+001	
5.956504e+001	5.956504e+001	5.956504e+001	
6.739418e+001	6.739418e+001	6.739418e+001	
7.432596e+001	7.432596e+001	7.432596e+001	
7.980339e+001	7.980339e+001	7.980339e+001	
8.506140e+001	8.506140e+001	8.506140e+001	
8.881521e+001	8.881521e+001	8.881521e+001	
9.239535e+001	9.239535e+001	9.239535e+001	
9.475896e+001	9.475896e+001	9.475896e+001	
9.642659e+001	9.642659e+001	9.642659e+001	
9.766359e+001	9.766359e+001	9.766359e+001	
9.849311e+001	9.849311e+001	9.849311e+001	
9.886122e+001	9.886122e+001	9.886122e+001	
9.916881e+001	9.916881e+001	9.916881e+001	
9.851694e+001	9.851694e+001	9.851694e+001	
9.789736e+001	9.789736e+001	9.789736e+001	
9.651370e+001	9.651370e+001	9.651370e+001	
9.480111e+001	9.480111e+001	9.480111e+001	
9.234196e+001	9.234196e+001	9.234196e+001	
8.881055e+001	8.881055e+001	8.881055e+001	
8.491315e+001	8.491315e+001	8.491315e+001	
7.993384e+001	7.993384e+001	7.993384e+001	
7.436921e+001	7.436921e+001	7.436921e+001	
6.744932e+001	6.744932e+001	6.744932e+001	
5.958228e+001	5.958228e+001	5.958228e+001	
5.226587e+001	5.226587e+001	5.226587e+001	
4.476563e+001	4.476563e+001	4.476563e+001	
3.860667e+001	3.860667e+001	3.860667e+001	
3.333216e+001	3.333216e+001	3.333216e+001	
2.940641e+001	2.940641e+001	2.940641e+001	
2.645137e+001	2.645137e+001	2.645137e+001	
2.637350e+001	2.637350e+001	2.637350e+001	
2.940257e+001	2.940257e+001	2.940257e+001	
3.333074e+001	3.333074e+001	3.333074e+001	
3.866986e+001	3.866986e+001	3.866986e+001	
4.477954e+001	4.477954e+001	4.477954e+001	
5.231872e+001	5.231872e+001	5.231872e+001	
5.951405e+001	5.951405e+001	5.951405e+001	
6.692789e+001	6.692789e+001	6.692789e+001	
7.371727e+001	7.371727e+001	7.371727e+001	
7.997958e+001	7.997958e+001	7.997958e+001	
8.478701e+001	8.478701e+001	8.478701e+001	
8.910433e+001	8.910433e+001	8.910433e+001	
9.214326e+001	9.214326e+001	9.214326e+001	
9.492301e+001	9.492301e+001	9.492301e+001	
9.702415e+001	9.702415e+001	9.702415e+001	
9.823157e+001	9.823157e+001	9.823157e+001	
9.898721e+001	9.898721e+001	9.898721e+001	
9.954093e+001	9.954093e+001	9.954093e+001	
9.935605e+001	9.935605e+001	9.935605e+001	
9.925480e+001	9.925480e+001	9.925480e+001	
9.791884e+001	9.791884e+001	9.791884e+001	
9.687134e+001	9.687134e+001	9.687134e+001	
9.486111e+001	9.486111e+001	9.486111e+001	
9.233076e+001	9.233076e+001	9.233076e+001	
8.922703e+001	8.922703e+001	8.922703e+001	
8.486402e+001	8.486402e+001	8.486402e+001	
7.985426e+001	7.985426e+001	7.985426e+001	
7.377226e+001	7.377226e+001	7.377226e+001	
6.697757e+001	6.697757e+001	6.697757e+001	
5.960244e+001	5.960244e+001	5.960244e+001	
5.222576e+001	5.222576e+001	5.222576e+001	
4.480162e+001	4.480162e+001	4.480162e+001	
3.870558e+001	3.870558e+001	3.870558e+001	
3.345281e+001	3.345281e+001	3.345281e+001	
2.949517e+001	2.949517e+001	2.949517e+001	
2.648977e+001	2.648977e+001	2.648977e+001	
2.646513e+001	2.646513e+001	2.646513e+001	
2.947371e+001	2.947371e+001	2.947371e+001	
3.337630e+001	3.337630e+001	3.337630e+001	
3.868981e+001	3.868981e+001	3.868981e+001	
4.480672e+001	4.480672e+001	4.480672e+001	
5.229612e+001	5.229612e+001	5.229612e+001	
5.953879e+001	5.953879e+001	5.953879e+001	
6.743552e+001	6.743552e+001	6.743552e+001	
7.375674e+001	7.375674e+001	7.375674e+001	
7.984473e+001	7.984473e+001	7.984473e+001	
8.460625e+001	8.460625e+001	8.460625e+001	
8.816556e+001	8.816556e+001	8.816556e+001	
9.109861e+001	9.109861e+001	9.109861e+001	
9.309476e+001	9.309476e+001	9.309476e+001	
9.466071e+001	9.466071e+001	9.466071e+001	
9.572977e+001	9.572977e+001	9.572977e+001	
9.647933e+001	9.647933e+001	9.647933e+001	
9.682173e+001	9.682173e+001	9.682173e+001	
9.675564e+001	9.675564e+001	9.675564e+001	
9.657717e+001	9.657717e+001	9.657717e+001	
9.596911e+001	9.596911e+001	9.596911e+001	
9.483138e+001	9.483138e+001	9.483138e+001	
9.337152e+001	9.337152e+001	9.337152e+001	
9.097790e+001	9.097790e+001	9.097790e+001	
8.815718e+001	8.815718e+001	8.815718e+001	
8.430079e+001	8.430079e+001	8.430079e+001	
7.995706e+001	7.995706e+001	7.995706e+001	
7.391413e+001	7.391413e+001	7.391413e+001	
6.735668e+001	6.735668e+001	6.735668e+001	
5.955182e+001	5.955182e+001	5.955182e+001	
5.224485e+001	5.224485e+001	5.224485e+001	
4.475338e+001	4.475338e+001	4.475338e+001	
3.873610e+001	3.873610e+001	3.873610e+001	
3.342666e+001	3.342666e+001	3.342666e+001	
2.939133e+001	2.939133e+001	2.939133e+001	
2.641867e+001	2.641867e+001	2.641867e+001	
2.615635e+001	2.615635e+001	2.615635e+001	
2.929972e+001	2.929972e+001	2.929972e+001	
3.321991e+001	3.321991e+001	3.321991e+001	
3.829586e+001	3.829586e+001	3.829586e+001	
4.484519e+001	4.484519e+001	4.484519e+001	
5.224512e+001	5.224512e+001	5.224512e+001	
5.989920e+001	5.989920e+001	5.989920e+001	
6.746283e+001	6.746283e+001	6.746283e+001	
7.408489e+001	7.408489e+001	7.408489e+001	
7.962160e+001	7.962160e+001	7.962160e+001	
8.363042e+001	8.363042e+001	8.363042e+001	
8.664640e+001	8.664640e+001	8.664640e+001	
8.885855e+001	8.885855e+001	8.885855e+001	
9.067429e+001	9.067429e+001	9.067429e+001	
9.154765e+001	9.154765e+001	9.154765e+001	
9.240412e+001	9.240412e+001	9.240412e+001	
9.281843e+001	9.281843e+001	9.281843e+001	
9.285712e+001	9.285712e+001	9.285712e+001	
9.310641e+001	9.310641e+001	9.310641e+001	
9.277683e+001	9.277683e+001	9.277683e+001	
9.255622e+001	9.255622e+001	9.255622e+001	
9.184841e+001	9.184841e+001	9.184841e+001	
9.084799e+001	9.084799e+001	9.084799e+001	
8.933828e+001	8.933828e+001	8.933828e+001	
8.712971e+001	8.712971e+001	8.712971e+001	
8.393793e+001	8.393793e+001	8.393793e+001	
7.954505e+001	7.954505e+001	7.954505e+001	
7.421983e+001	7.421983e+001	7.421983e+001	
6.743645e+001	6.743645e+001	6.743645e+001	
5.999814e+001	5.999814e+001	5.999814e+001	
5.223797e+001	5.223797e+001	5.223797e+001	
4.479635e+001	4.479635e+001	4.479635e+001	
3.824565e+001	3.824565e+001	3.824565e+001	
3.305104e+001	3.305104e+001	3.305104e+001	
2.943553e+001	2.943553e+001	2.943553e+001	
2.620135e+001	2.620135e+001	2.620135e+001	
2.593306e+001	2.593306e+001	2.593306e+001	
2.877685e+001	2.877685e+001	2.877685e+001	
3.271057e+001	3.271057e+001	3.271057e+001	
3.804453e+001	3.804453e+001	3.804453e+001	
4.475797e+001	4.475797e+001	4.475797e+001	
5.232664e+001	5.232664e+001	5.232664e+001	
6.045279e+001	6.045279e+001	6.045279e+001	
6.787133e+001	6.787133e+001	6.787133e+001	
7.429460e+001	7.429460e+001	7.429460e+001	
7.960825e+001	7.960825e+001	7.960825e+001	
8.313309e+001	8.313309e+001	8.313309e+001	
8.558943e+001	8.558943e+001	8.558943e+001	
8.705527e+001	8.705527e+001	8.705527e+001	
8.848104e+001	8.848104e+001	8.848104e+001	
8.884425e+001	8.884425e+001	8.884425e+001	
8.923819e+001	8.923819e+001	8.923819e+001	
8.934702e+001	8.934702e+001	8.934702e+001	
8.945743e+001	8.945743e+001	8.945743e+001	
8.965779e+001	8.965779e+001	8.965779e+001	
8.977113e+001	8.977113e+001	8.977113e+001	
8.944395e+001	8.944395e+001	8.944395e+001	
8.923080e+001	8.923080e+001	8.923080e+001	
8.892879e+001	8.892879e+001	8.892879e+001	
8.798958e+001	8.798958e+001	8.798958e+001	
8.616750e+001	8.616750e+001	8.616750e+001	
8.371639e+001	8.371639e+001	8.371639e+001	
7.981483e+001	7.981483e+001	7.981483e+001	
7.478510e+001	7.478510e+001	7.478510e+001	
6.798085e+001	6.798085e+001	6.798085e+001	
6.046782e+001	6.046782e+001	6.046782e+001	
5.226678e+001	5.226678e+001	5.226678e+001	
4.478444e+001	4.478444e+001	4.478444e+001	
3.801074e+001	3.801074e+001	3.801074e+001	
3.271197e+001	3.271197e+001	3.271197e+001	
2.874312e+001	2.874312e+001	2.874312e+001	
2.601738e+001	2.601738e+001	2.601738e+001	
2.548345e+001	2.548345e+001	2.548345e+001	
2.838646e+001	2.838646e+001	2.838646e+001	
3.225363e+001	3.225363e+001	3.225363e+001	
3.756302e+001	3.756302e+001	3.756302e+001	
4.443650e+001	4.443650e+001	4.443650e+001	
5.237583e+001	5.237583e+001	5.237583e+001	
6.082450e+001	6.082450e+001	6.082450e+001	
6.874652e+001	6.874652e+001	6.874652e+001	
7.515656e+001	7.515656e+001	7.515656e+001	
7.986795e+001	7.986795e+001	7.986795e+001	
8.315202e+001	8.315202e+001	8.315202e+001	
8.523277e+001	8.523277e+001	8.523277e+001	
8.644077e+001	8.644077e+001	8.644077e+001	
8.705749e+001	8.705749e+001	8.705749e+001	
8.755374e+001	8.755374e+001	8.755374e+001	
8.773507e+001	8.773507e+001	8.773507e+001	
8.768787e+001	8.768787e+001	8.768787e+001	
8.796224e+001	8.796224e+001	8.796224e+001	
8.802262e+001	8.802262e+001	8.802262e+001	
8.812573e+001	8.812573e+001	8.812573e+001	
8.818577e+001	8.818577e+001	8.818577e+001	
8.806713e+001	8.806713e+001	8.806713e+001	
8.782674e+001	8.782674e+001	8.782674e+001	
8.709073e+001	8.709073e+001	8.709073e+001	
8.588821e+001	8.588821e+001	8.588821e+001	
8.362840e+001	8.362840e+001	8.362840e+001	
8.044736e+001	8.044736e+001	8.044736e+001	
7.526307e+001	7.526307e+001	7.526307e+001	
6.886600e+001	6.886600e+001	6.886600e+001	
6.093821e+001	6.093821e+001	6.093821e+001	
5.229515e+001	5.229515e+001	5.229515e+001	
4.449251e+001	4.449251e+001	4.449251e+001	
3.772973e+001	3.772973e+001	3.772973e+001	
3.215599e+001	3.215599e+001	3.215599e+001	
2.827705e+001	2.827705e+001	2.827705e+001	
2.540359e+001	2.540359e+001	2.540359e+001	
